 method =  CAT with Psi
   time =   47.25000
 test n =      10000
 pool n =        300
 length =         40
psi max =    0.30000
  alpha =          1

About thetaHat: 
   Mean =    0.00284
   Bias =   -0.00139
    Var =    0.94509
    MSE =    0.05780
   RMSE =    0.24042

About item used rate: 
    max =    0.30000
   mean =    0.13333
    var =    0.01587

About pool used: 
   Rate =    0.81333

About test overlap: 
overlap =    0.25230
