 method =  MST+Psi
   time =    0.31250
 test n =       1000
 pool n =        300
 length =         40
psi max =    0.40000
  alpha =          3

About thetaHat: 
   Mean =    0.02852
   Bias =    0.00169
    Var =    0.91031
    MSE =    0.10373
   RMSE =    0.32208

About item used rate: 
    max =    0.15700
   mean =    0.13333
    var =    0.00248

About pool used: 
   Rate =    1.00000

About test overlap: 
overlap =    0.15111
