 method =  OMST with content balance
   time =    0.01562
 test n =         10
 pool n =        300
 length =         20

About thetaHat: 
   Mean =   -0.00071
   Bias =    0.07174
    Var =    1.51397
    MSE =    0.05600
   RMSE =    0.23664

About item used rate: 
    max =    1.00000
   mean =    0.04333
    var =    0.01792

About pool used: 
   Rate =    0.16333

About test overlap: 
overlap =    0.60776
