 method =  MST infor
   time =    1.54688
 test n =      10000
 pool n =        200
 length =         20

About thetaHat: 
   Mean =    0.00314
   Bias =   -0.00108
    Var =    0.83645
    MSE =    0.16474
   RMSE =    0.40588

About item used rate: 
    max =    0.20150
   mean =    0.10000
    var =    0.00762

About pool used: 
   Rate =    0.75000

About test overlap: 
overlap =    0.17609
