 method =  OMST with content balance
   time =    5.59375
 test n =      10000
 pool n =        300
 length =         40

About thetaHat: 
   Mean =    0.06810
   Bias =    0.06385
    Var =    1.80042
    MSE =    0.31300
   RMSE =    0.55947

About item used rate: 
    max =    1.00000
   mean =    0.07667
    var =    0.07079

About pool used: 
   Rate =    0.07667

About test overlap: 
overlap =    1.00000
