 method =  OMST+cont+Psi
   time =    2.79688
 test n =      10000
 pool n =        300
 length =         20
psi max =    0.10000
  alpha =          1

About thetaHat: 
   Mean =    0.00524
   Bias =    0.00101
    Var =    0.84622
    MSE =    0.16246
   RMSE =    0.40306

About item used rate: 
    max =    0.10000
   mean =    0.06667
    var =    0.00197

About pool used: 
   Rate =    0.78333

About test overlap: 
overlap =    0.09610
