 method =  CAT with Psi
   time =    6.68750
 test n =       1000
 pool n =        300
 length =         40
psi max =    0.30000
  alpha =          1

About thetaHat: 
   Mean =    0.66347
   Bias =   -0.33653
    Var =    0.16552
    MSE =    0.27877
   RMSE =    0.52799

About item used rate: 
    max =    1.00000
   mean =    0.00692
    var =    0.00661

About pool used: 
   Rate =    0.22333

About test overlap: 
overlap =    0.99620
