 method =  MST+Psi
   time =    1.95312
 test n =      10000
 pool n =        300
 length =         20
psi max =    0.77000
  alpha =          1

About thetaHat: 
   Mean =    0.00523
   Bias =    0.00101
    Var =    0.87238
    MSE =    0.13819
   RMSE =    0.37174

About item used rate: 
    max =    0.77000
   mean =    0.06667
    var =    0.02612

About pool used: 
   Rate =    0.33333

About test overlap: 
overlap =    0.45840
