 method =  CAT with content balance
   time =   45.26562
 test n =      10000
 pool n =        300
 length =         40

About thetaHat: 
   Mean =    0.97154
   Bias =   -0.02846
    Var =    0.03414
    MSE =    0.03495
   RMSE =    0.18694

About item used rate: 
    max =    0.99990
   mean =    0.13333
    var =    0.08606

About pool used: 
   Rate =    0.36000

About test overlap: 
overlap =    0.77874
