 method =  MST+Psi
   time =    5.40625
 test n =      10000
 pool n =        300
 length =         40
psi max =    0.40000
  alpha =          1

About thetaHat: 
   Mean =    0.00124
   Bias =   -0.00299
    Var =    0.93389
    MSE =    0.06264
   RMSE =    0.25029

About item used rate: 
    max =    0.40000
   mean =    0.13333
    var =    0.02352

About pool used: 
   Rate =    0.83333

About test overlap: 
overlap =    0.30970
