 method =  CAT with content balance
   time =   40.71875
 test n =      10000
 pool n =        300
 length =         40

About thetaHat: 
   Mean =    0.97157
   Bias =   -0.02843
    Var =    0.03295
    MSE =    0.03376
   RMSE =    0.18373

About item used rate: 
    max =    0.99990
   mean =    0.13333
    var =    0.08633

About pool used: 
   Rate =    0.37667

About test overlap: 
overlap =    0.78080
