 method =  CAT with Psi
   time =   48.26562
 test n =      10000
 pool n =        300
 length =         40
psi max =    0.20000
  alpha =          1

About thetaHat: 
   Mean =    0.93515
   Bias =   -0.06485
    Var =    0.05232
    MSE =    0.05653
   RMSE =    0.23775

About item used rate: 
    max =    0.20000
   mean =    0.13333
    var =    0.00764

About pool used: 
   Rate =    0.82667

About test overlap: 
overlap =    0.19052
