 method =  CAT
   time =    4.89062
 test n =       1000
 pool n =        300
 length =         40

About thetaHat: 
   Mean =    0.96951
   Bias =   -0.03049
    Var =    0.03006
    MSE =    0.03099
   RMSE =    0.17603

About item used rate: 
    max =    1.00000
   mean =    0.13333
    var =    0.08891

About pool used: 
   Rate =    0.29000

About test overlap: 
overlap =    0.79998
