 method =  CAT with content balance
   time =   44.76562
 test n =      10000
 pool n =        300
 length =         40

About thetaHat: 
   Mean =    0.97459
   Bias =   -0.02541
    Var =    0.03399
    MSE =    0.03463
   RMSE =    0.18610

About item used rate: 
    max =    1.00000
   mean =    0.13333
    var =    0.08601

About pool used: 
   Rate =    0.37000

About test overlap: 
overlap =    0.77836
