 method =  CAT
   time =   47.10938
 test n =      10000
 pool n =        300
 length =         40

About thetaHat: 
   Mean =    0.00457
   Bias =    0.00034
    Var =    0.95915
    MSE =    0.04668
   RMSE =    0.21605

About item used rate: 
    max =    1.00000
   mean =    0.13333
    var =    0.03705

About pool used: 
   Rate =    0.58667

About test overlap: 
overlap =    0.41118
