 method =  CAT
   time =   49.12500
 test n =      10000
 pool n =        300
 length =         40

About thetaHat: 
   Mean =    0.97427
   Bias =   -0.02573
    Var =    0.03241
    MSE =    0.03307
   RMSE =    0.18186

About item used rate: 
    max =    1.00000
   mean =    0.13333
    var =    0.08822

About pool used: 
   Rate =    0.33000

About test overlap: 
overlap =    0.79495
