 method =  CAT with Psi
   time =   46.90625
 test n =      10000
 pool n =        300
 length =         40
psi max =    0.20000
  alpha =          1

About thetaHat: 
   Mean =    0.00104
   Bias =   -0.00319
    Var =    0.92820
    MSE =    0.07254
   RMSE =    0.26933

About item used rate: 
    max =    0.20000
   mean =    0.13333
    var =    0.00659

About pool used: 
   Rate =    0.94333

About test overlap: 
overlap =    0.18264
