 method =  CAT with content balance
   time =   42.73438
 test n =      10000
 pool n =        300
 length =         40

About thetaHat: 
   Mean =    0.00373
   Bias =   -0.00049
    Var =    0.95025
    MSE =    0.05215
   RMSE =    0.22837

About item used rate: 
    max =    0.90650
   mean =    0.13333
    var =    0.03847

About pool used: 
   Rate =    0.57333

About test overlap: 
overlap =    0.42179
